2980:
03 04 05 07 11 12 15 16 19 20 21 22 24 25
01 02 06 07 10 12 14 16 18 19 20 21 23 24
02 03 05 06 08 09 10 13 14 17 21 22 23 25
01 05 06 08 09 10 11 14 15 20 21 22 24 25
03 04 06 07 09 10 13 14 15 16 17 19 23 24
01 02 03 04 07 08 10 11 15 16 22 23 24 25
01 02 03 04 05 06 07 10 13 15 16 19 23 25

2981:
02 04 06 08 10 11 12 14 16 19 20 21 22 23
01 03 04 06 08 10 13 15 16 17 18 19 21 23
02 06 07 08 09 12 13 17 18 19 20 23 24 25
02 03 06 09 10 12 13 14 15 16 17 19 20 25
01 02 03 08 09 11 13 15 16 17 19 20 24 25
04 05 07 09 10 12 13 15 16 17 19 20 23 24
01 02 04 05 10 11 13 14 17 20 22 23 24 25

2982:
01 03 04 05 08 12 13 14 15 16 21 23 24 25
02 05 06 08 09 10 11 13 18 19 20 21 23 24
01 02 05 06 07 08 10 11 13 16 17 22 23 25
03 04 07 09 10 11 15 16 17 18 19 20 21 25
02 03 04 08 09 10 12 15 16 18 20 23 24 25
01 04 07 08 10 11 13 14 16 17 18 20 23 25
02 03 05 09 12 13 15 17 19 21 22 23 24 25

2983:
01 02 03 04 06 07 11 14 15 18 19 20 21 25
02 04 05 07 09 11 12 14 15 16 17 19 22 24
03 05 06 07 08 11 12 15 18 19 20 21 22 24
01 03 06 08 10 12 13 14 17 18 19 20 22 23
01 04 07 08 09 11 12 17 18 19 21 22 23 25
01 04 05 06 08 09 10 11 17 18 19 22 23 24
01 04 05 07 08 09 11 12 13 20 21 22 23 25

2984: 
01 05 06 08 09 10 11 14 16 18 20 21 22 24
01 03 04 10 13 14 16 17 18 19 21 22 23 24
02 04 05 06 07 10 11 12 13 15 20 21 24 25
01 02 03 08 09 11 14 15 17 18 19 21 24 25
01 03 05 07 09 10 11 12 13 17 18 22 23 25
01 02 03 04 06 07 08 09 12 16 18 21 22 25
01 02 03 04 07 10 11 13 14 19 20 21 23 25

2985:
01 02 04 06 07 11 12 13 14 15 16 17 21 23
01 04 06 07 08 09 10 11 14 17 18 20 21 22
04 06 08 11 12 13 14 16 17 18 19 21 23 25
01 02 04 06 08 09 10 14 16 19 21 23 24 25
02 03 05 08 09 10 14 15 18 19 21 23 24 25
01 03 05 06 08 09 10 11 13 15 18 20 21 23
02 06 07 08 09 13 15 16 17 19 20 22 23 25

2986: 
02 03 04 08 09 10 12 13 14 15 18 20 23 25
01 02 03 04 09 10 13 15 17 18 21 22 23 24
01 02 03 04 06 07 08 12 14 16 17 18 22 23
03 04 05 06 09 12 13 16 18 19 20 22 23 24
03 08 09 10 11 14 17 18 19 20 21 23 24 25
03 06 08 09 10 12 13 16 17 19 20 21 24 25
01 04 05 06 08 09 10 16 17 18 19 20 21 25

2987:
01 04 05 06 09 10 13 14 15 16 20 21 22 23
02 03 04 06 08 10 12 13 14 15 18 19 21 25
02 04 05 06 07 09 10 11 12 15 17 19 23 24
01 02 03 06 07 09 13 14 18 19 20 22 23 24
02 03 04 06 07 09 14 16 17 18 19 20 23 25
02 04 05 06 07 08 09 10 11 14 16 17 19 25
01 02 05 06 07 10 13 15 16 18 19 20 21 24

2988: 
01 02 03 04 06 07 10 11 15 18 20 21 22 23
02 03 05 07 08 09 11 12 13 14 16 17 18 24
01 02 04 07 08 10 11 12 13 14 15 18 20 22
01 04 06 09 10 11 12 13 14 17 18 19 21 22
02 03 07 08 09 10 13 15 17 19 21 22 23 25
01 03 04 07 08 09 11 14 15 17 21 22 23 24
01 03 04 05 06 09 12 14 16 18 22 23 24 25

2989: 
03 06 09 10 11 13 14 15 18 19 22 23 24 25
01 03 07 08 10 12 14 15 17 18 19 22 23 25
01 04 05 07 08 09 12 13 15 16 19 22 24 25
02 03 04 07 09 10 12 13 16 18 20 21 23 25
01 03 05 06 07 08 10 12 13 20 21 22 24 25
01 04 06 08 10 11 12 13 16 18 19 20 23 24
04 05 06 09 11 12 13 14 16 17 18 21 22 25

2990:
01 03 04 06 07 08 10 14 16 17 21 22 24 25
01 02 03 05 06 08 09 11 12 13 17 18 23 25
06 07 08 09 10 13 16 18 19 20 21 22 23 25
01 02 03 05 07 08 09 10 12 13 14 16 18 22
02 03 04 05 06 08 12 13 14 15 16 20 22 23
03 04 05 06 07 11 13 14 19 20 21 22 24 25
02 07 09 10 12 13 14 16 17 20 21 22 23 25

2991:
01 03 05 06 07 10 12 13 17 18 20 22 24 25
01 03 06 08 09 10 11 15 16 18 19 20 21 24
01 02 03 04 05 06 10 11 12 14 19 21 22 23
01 02 03 05 06 09 10 14 15 18 22 23 24 25
02 04 06 07 08 09 10 13 16 18 19 20 22 24
01 03 04 06 07 08 11 13 14 15 16 17 24 25
01 02 07 10 12 13 15 16 18 20 21 22 24 25

2992:
01 02 05 07 09 10 13 18 19 21 22 23 24 25
02 03 04 07 08 09 11 13 14 18 20 22 24 25
01 04 06 07 08 09 10 13 15 18 20 21 22 25
01 02 06 07 08 09 11 13 14 15 16 21 22 25
02 04 05 08 09 11 13 14 15 16 17 19 22 24
02 03 05 07 09 11 12 14 16 17 19 21 23 25
01 05 07 09 10 12 14 18 19 20 21 22 23 25

2993:
02 04 07 08 09 10 11 12 14 15 19 21 23 25
01 02 03 04 05 06 08 10 14 15 18 19 22 25
02 06 08 12 13 14 16 17 18 19 20 23 24 25
03 05 07 08 10 11 13 14 16 17 19 22 24 25
01 04 06 07 08 11 13 14 15 17 18 19 23 25
01 03 04 06 09 10 12 14 15 16 17 19 20 23
01 05 07 08 10 11 13 18 19 20 21 22 24 25

2994:
01 02 03 05 07 11 12 13 14 16 17 22 24 25
01 03 04 05 06 09 12 13 15 16 17 18 21 25
01 02 03 08 10 12 13 15 16 17 19 20 22 25
03 04 06 07 08 09 10 14 15 16 17 18 19 21
01 02 05 06 08 10 11 12 13 14 15 16 19 22
02 03 04 05 08 09 11 14 15 17 20 22 23 25
03 05 06 07 08 10 12 13 16 17 20 21 23 25

2995:
02 04 05 09 10 16 17 18 19 21 22 23 24 25
04 05 06 07 08 09 10 11 17 19 21 22 24 25
01 02 03 04 05 07 12 13 15 16 18 21 22 24
05 06 08 11 13 14 16 17 18 19 20 22 23 24
01 02 03 05 11 12 13 15 16 19 20 21 23 25
05 06 07 08 09 10 11 12 15 17 18 19 23 24
02 03 04 08 09 10 11 12 13 17 20 22 24 25

2996:
02 05 08 09 10 12 13 14 15 16 17 19 22 25
02 03 06 09 10 11 12 13 14 16 18 19 23 25
01 03 04 06 07 08 09 14 16 18 20 21 23 24
05 09 10 13 14 15 16 18 19 20 21 22 23 24
02 03 05 06 10 11 13 16 17 19 20 21 23 24
02 05 06 07 08 10 12 14 17 18 20 21 24 25
02 03 05 06 12 15 16 17 18 19 20 22 23 25

2997:
01 02 03 04 05 08 09 10 12 13 17 19 23 24
01 04 05 06 08 09 11 13 14 19 20 21 22 25
02 04 05 06 08 09 10 12 13 14 15 16 17 20
01 03 05 06 08 10 11 12 13 18 19 20 21 23
03 04 05 07 11 12 13 14 16 17 20 22 23 24
03 04 05 07 09 11 12 13 15 17 18 20 21 25
01 05 06 08 10 12 13 14 16 18 22 23 24 25

2998:
05 08 09 10 12 14 15 16 17 18 19 20 21 24
01 04 06 07 09 11 13 18 19 20 21 23 24 25
01 03 04 05 10 11 13 15 16 19 20 21 22 23
01 02 03 04 05 06 10 12 14 15 17 20 22 23
01 03 06 08 09 14 15 16 19 20 21 22 23 24
03 05 07 12 13 14 15 16 17 18 19 20 22 25
02 05 06 09 10 12 13 14 15 16 17 19 20 23

2999:
02 03 04 06 07 08 09 10 17 20 22 23 24 25
02 03 04 06 09 10 12 13 15 17 19 22 23 25
02 03 04 05 06 09 10 12 14 17 19 20 24 25
01 02 03 04 05 07 09 11 14 15 17 18 19 21
02 04 08 09 10 13 15 16 17 18 19 22 23 24
03 04 06 07 09 10 12 13 14 15 17 19 20 24
01 02 04 05 08 10 12 14 15 16 20 21 24 25

3000:
01 02 03 06 07 09 10 13 15 19 21 22 23 24
02 03 04 06 08 09 10 11 12 13 14 21 22 24
01 04 06 07 08 10 12 17 18 20 21 22 23 24
06 07 08 10 11 12 13 16 19 20 22 23 24 25
01 03 05 06 08 09 14 15 16 20 21 23 24 25
06 07 08 10 13 14 15 17 19 20 21 23 24 25
01 03 04 05 06 08 09 10 13 14 18 19 21 25

3001:
03 08 09 10 11 14 15 16 17 18 19 21 22 23
02 03 05 07 09 10 12 15 16 18 19 22 23 24
03 05 07 08 10 11 13 14 15 18 21 22 23 24
01 03 04 06 07 08 09 10 11 13 15 16 18 24
02 04 05 10 11 14 15 18 19 20 21 22 23 25
01 03 06 07 09 13 15 16 18 19 20 22 24 25
03 05 08 09 12 16 17 18 19 20 21 23 24 25

3002:
01 04 05 07 09 10 12 15 16 17 19 20 21 23
01 03 05 06 07 08 09 10 12 19 21 22 24 25
02 03 06 07 13 14 15 16 17 20 22 23 24 25
03 06 07 08 10 12 13 14 15 17 20 21 24 25
02 04 05 06 08 09 10 11 12 14 16 21 23 24
02 03 06 07 09 10 11 12 14 15 16 18 19 20
01 03 04 06 08 11 13 15 16 17 19 20 21 24

3003:
06 07 09 10 11 12 13 15 16 17 19 21 22 24
01 02 03 07 09 11 14 15 17 19 20 22 23 25
01 02 04 05 06 08 10 11 13 16 18 20 23 24
05 06 07 08 10 11 12 14 15 17 20 21 22 23
02 03 04 07 10 11 13 15 16 17 19 20 21 24
01 03 08 09 10 13 14 16 18 19 20 22 24 25
01 03 04 06 07 08 11 14 16 17 20 22 23 24

3004:
01 04 06 08 10 11 12 13 15 16 18 20 21 24
01 02 05 07 08 12 15 16 18 19 21 22 23 25
01 03 04 06 07 08 10 11 14 16 18 22 23 24
04 05 06 09 11 12 13 14 16 18 21 22 23 24
05 06 07 08 10 12 17 18 19 20 21 22 23 24
01 03 06 07 08 09 11 14 15 16 18 19 20 21
04 05 06 07 08 09 10 13 15 16 17 21 23 24

3005:
01 03 04 05 06 07 08 12 16 18 19 22 24 25
01 04 05 06 08 10 11 12 13 15 16 21 22 23
02 03 05 09 12 14 15 17 18 19 22 23 24 25
02 03 04 07 08 09 12 14 15 17 18 22 24 25
01 03 04 05 07 08 10 12 13 14 16 17 19 20
02 04 05 07 09 10 11 12 17 18 19 20 23 24
03 05 06 07 10 13 14 15 17 18 21 23 24 25

3006:
01 04 05 06 09 10 12 16 17 19 20 21 22 23
04 05 06 07 08 11 13 15 16 17 19 20 22 25
02 03 04 07 08 09 11 13 14 17 18 19 21 25
04 06 07 08 09 10 12 13 14 15 17 18 20 23
02 03 04 05 06 07 09 15 17 20 21 22 23 25
04 06 09 10 11 14 15 16 18 20 21 23 24 25
02 04 05 07 09 10 11 12 13 16 18 20 22 23

3007:
01 02 03 05 07 08 10 11 12 15 17 18 21 22
01 02 06 08 10 12 15 16 17 21 22 23 24 25
01 02 07 08 09 12 13 16 17 20 21 22 23 25
01 04 05 06 07 10 13 15 16 17 18 19 24 25
03 06 09 10 11 12 14 18 19 21 22 23 24 25
01 02 05 06 08 11 12 14 15 19 20 21 22 23
01 02 03 04 05 06 09 10 11 13 15 17 22 24

3008:
01 02 03 04 06 07 09 10 11 13 15 16 20 23
01 02 04 06 07 08 11 12 15 16 18 20 21 25
01 03 04 05 12 14 15 16 17 18 19 20 21 22
01 03 06 07 08 09 14 16 18 19 21 23 24 25
02 04 07 08 09 10 13 14 16 19 20 21 22 23
01 03 04 05 08 09 14 15 16 17 18 20 21 25
01 03 05 08 12 13 14 17 18 20 21 22 23 24

3009:
01 03 04 06 08 09 10 12 13 14 18 21 22 24
01 02 03 06 07 08 10 15 18 19 20 22 24 25
01 04 05 06 07 08 10 12 13 14 18 20 24 25
04 05 10 11 12 13 14 15 17 18 19 21 23 24
01 04 05 06 08 10 13 15 20 21 22 23 24 25
03 04 05 10 14 16 17 18 19 20 21 22 24 25
01 03 04 07 12 13 14 16 19 20 21 23 24 25

3010:
01 02 04 09 12 13 15 17 18 19 20 21 22 25
01 02 04 05 06 08 09 11 12 14 16 19 21 22
01 02 03 05 08 11 12 13 14 15 18 21 22 25
01 04 05 08 09 10 13 15 16 18 20 22 23 25
01 02 03 05 07 08 09 12 17 18 19 20 21 23
03 06 09 12 14 15 16 17 18 19 20 21 23 24
01 02 04 06 07 11 12 13 15 17 19 22 23 25

3011:
01 04 05 09 10 11 13 17 20 21 22 23 24 25
02 04 05 07 09 11 14 15 16 17 20 22 23 25
01 03 04 05 07 11 13 16 18 20 22 23 24 25
01 02 03 05 08 10 12 14 17 18 21 23 24 25
02 03 06 07 08 10 11 12 14 17 18 19 21 24
01 02 03 04 07 08 10 12 13 14 18 19 22 25
01 04 08 11 12 13 14 15 16 18 19 21 22 23

3012:
05 06 07 09 10 11 12 14 18 21 22 23 24 25
01 03 04 05 07 08 09 10 13 16 17 21 23 25
02 05 06 07 08 10 11 12 13 19 20 21 22 24
01 03 07 09 10 12 13 14 17 19 20 22 23 25
02 05 06 10 11 12 13 17 18 19 21 23 24 25
01 02 03 04 05 06 07 12 13 15 17 20 21 23
03 07 09 10 11 12 13 14 15 19 20 22 23 24

3013:
02 04 06 07 08 10 16 19 20 21 22 23 24 25
02 03 04 07 08 09 10 12 13 14 16 19 20 25
03 04 05 06 08 10 11 12 16 19 20 22 24 25
02 03 04 07 08 09 10 11 14 18 20 22 24 25
02 04 05 06 07 10 11 15 17 18 19 20 21 22
01 04 06 07 08 11 12 15 16 17 20 23 24 25
01 03 05 09 12 13 15 17 19 20 21 22 23 25

3014:
03 04 05 07 10 11 12 13 14 16 18 19 22 25
01 02 04 07 08 11 12 14 15 17 19 22 23 24
02 03 04 05 07 08 09 12 13 17 18 23 24 25
02 03 05 08 09 12 14 15 16 17 19 21 22 24
02 03 04 06 07 08 10 13 14 17 20 21 22 23
03 04 06 09 10 11 13 15 16 17 19 20 21 23
01 02 04 08 09 12 13 15 16 19 20 21 24 25

3015:
02 04 07 08 10 11 12 13 15 16 20 21 23 25
01 02 03 05 06 08 09 10 11 12 13 14 17 22
02 03 04 05 06 08 10 11 14 16 19 23 24 25
02 03 04 06 07 08 09 10 11 12 13 15 21 22
03 04 05 06 07 09 10 13 14 15 16 18 21 25
03 05 07 08 09 11 12 14 15 17 20 21 23 25
01 02 04 05 08 09 11 13 14 15 19 20 23 25

3016:
02 03 04 06 08 09 11 14 16 18 19 21 22 23
05 06 07 09 10 11 12 13 14 16 17 18 24 25
01 02 05 07 09 10 12 13 16 17 18 19 20 23
06 07 08 10 13 14 16 17 18 19 20 21 23 24
01 06 08 09 10 11 14 15 16 18 19 21 23 24
01 02 05 07 10 11 12 13 14 16 19 20 23 25
01 02 03 04 05 09 10 11 13 19 20 21 24 25

3017:
03 05 06 07 09 10 12 13 19 20 21 22 24 25
02 04 07 08 09 10 11 13 17 19 20 21 23 24
02 03 07 10 11 14 15 17 19 20 21 22 23 25
01 03 06 07 09 12 13 14 15 16 18 20 22 25
01 02 03 05 09 11 12 15 17 19 20 22 24 25
01 02 03 05 06 08 13 14 15 18 20 21 22 25
01 02 07 08 10 11 13 14 15 18 19 20 21 23

3018:
04 07 08 11 12 13 14 16 19 20 21 23 24 25
03 04 10 11 12 13 15 16 17 20 21 22 23 24
01 04 05 06 07 09 10 11 16 18 20 21 23 24
01 03 05 06 07 08 13 14 15 17 19 22 23 24
02 04 06 08 09 10 11 13 14 15 18 19 23 24
02 03 05 07 08 09 10 11 15 17 20 23 24 25
01 03 04 07 08 11 13 14 15 18 19 23 24 25

3019:
02 06 07 08 10 11 13 14 15 16 17 18 19 21
01 02 03 04 05 06 09 13 15 20 21 22 23 24
01 02 03 05 10 12 13 14 16 18 20 22 23 24
01 05 06 08 09 11 13 15 16 17 22 23 24 25
01 02 04 05 07 08 11 13 14 19 20 22 24 25
01 02 04 06 08 10 11 13 14 15 17 19 21 22
01 02 04 06 07 08 09 10 11 14 16 20 22 24

3020:
01 03 07 09 11 13 14 15 16 17 19 21 22 25
02 03 04 05 10 11 14 15 17 18 21 23 24 25
01 02 03 04 05 06 07 08 11 15 16 18 20 22
01 03 04 06 10 11 12 13 14 17 19 20 23 24
01 03 05 08 10 11 14 17 19 21 22 23 24 25
02 03 04 05 07 09 11 14 15 16 18 20 24 25
01 02 04 06 08 09 11 14 16 18 19 21 22 24

3021:
03 05 06 09 12 13 17 18 20 21 22 23 24 25
01 03 05 06 08 09 11 13 14 15 18 20 22 24
03 04 06 08 10 11 12 13 15 16 18 20 21 23
01 04 07 09 10 12 13 14 15 16 17 21 23 25
01 02 03 04 06 07 08 09 10 11 16 18 19 21
02 05 07 10 12 14 15 16 17 21 22 23 24 25
01 03 04 05 06 09 10 11 13 16 18 19 20 23

3022:
02 04 05 06 07 08 11 13 15 18 19 22 24 25
03 04 05 06 07 09 10 15 18 19 20 21 23 25
02 03 05 07 08 11 13 14 17 18 22 23 24 25
03 05 06 07 08 12 13 14 15 16 17 19 22 23
01 03 04 05 07 08 10 13 14 15 20 21 24 25
01 02 03 04 07 11 12 14 15 16 17 19 21 25
01 03 04 06 07 09 10 11 12 13 17 18 23 24

3023:
01 03 05 08 09 12 13 14 15 17 18 20 21 23
01 02 03 05 06 11 14 15 17 18 19 22 23 25
02 03 04 06 08 14 15 16 19 21 22 23 24 25
02 05 06 09 10 11 13 14 17 18 21 22 23 25
01 02 03 06 07 08 09 11 13 16 21 23 24 25
04 06 08 11 12 15 17 18 19 20 21 22 23 24
01 03 05 06 09 11 14 15 19 20 21 22 23 24

3024:
01 04 08 09 10 12 13 14 15 17 20 21 22 25
01 02 04 05 07 08 09 10 11 12 14 15 23 24
02 06 07 09 10 11 13 15 17 18 19 20 21 22
05 09 10 11 12 13 14 16 17 18 19 20 21 25
02 03 04 06 07 09 13 15 16 18 19 21 23 25
01 02 03 04 05 06 07 14 16 17 19 21 22 24
01 02 03 05 11 12 13 14 15 16 18 21 24 25

3025:
04 05 06 07 08 13 14 15 17 19 21 22 24 25
01 02 06 08 09 10 12 16 18 19 20 21 22 24
01 02 03 06 07 09 13 15 16 17 19 20 22 23
03 04 06 07 08 09 10 11 12 15 17 21 23 25
03 04 06 09 11 12 13 14 15 16 17 19 21 22
03 04 08 11 13 14 15 16 17 18 19 20 21 23
01 02 03 04 06 07 08 10 11 17 18 19 22 24

3026:
01 05 07 08 09 10 13 15 16 19 21 22 23 24
02 03 05 07 08 11 13 15 17 18 21 22 23 25
04 10 11 12 13 14 17 18 19 20 21 22 24 25
04 06 08 10 11 12 13 14 17 18 19 20 23 25
01 02 03 05 06 10 11 14 15 16 18 19 20 23
02 08 09 10 11 13 14 17 20 21 22 23 24 25
01 02 03 04 05 06 07 08 09 12 16 19 21 25

3027:
01 02 03 07 09 10 11 12 13 14 15 16 21 24
02 05 06 08 11 12 15 16 18 20 21 22 23 24
03 04 08 09 10 12 13 14 15 16 18 19 20 21
02 04 06 07 08 14 16 17 18 19 20 22 23 25
01 04 06 08 09 10 11 12 13 15 16 18 22 23
01 02 03 04 08 09 12 14 15 16 18 21 23 24
01 02 04 05 10 11 12 13 17 19 20 21 22 23

3028:
01 02 04 08 09 12 13 14 16 19 20 22 24 25
01 02 03 04 06 08 09 14 15 17 19 23 24 25
02 03 04 09 10 11 12 13 15 17 19 21 24 25
02 03 06 08 10 12 13 16 18 19 20 21 23 25
02 07 09 10 11 12 13 14 15 16 17 19 21 23
02 03 04 05 06 09 10 11 16 17 20 22 24 25
01 02 05 06 07 08 10 12 13 14 16 21 22 24

3029:
01 02 03 05 06 07 08 13 15 17 19 20 22 25
01 04 06 12 13 14 15 16 18 20 21 22 23 25
01 02 03 05 07 08 09 11 13 15 18 20 22 25
01 02 04 07 08 10 11 13 14 17 18 21 24 25
01 02 04 05 10 12 13 14 15 16 17 19 20 24
03 04 05 06 09 13 14 16 17 20 21 22 23 24
07 08 09 10 13 14 15 17 18 20 21 22 23 24

3030:
01 02 08 10 11 15 16 17 19 20 21 22 23 24
02 03 04 05 06 10 11 13 18 19 21 23 24 25
02 04 05 07 12 13 14 15 16 17 18 19 22 23
03 04 05 08 09 10 11 13 15 17 19 20 23 25
01 02 04 06 07 09 11 12 15 20 22 23 24 25
01 02 03 04 06 08 12 15 17 18 19 21 22 24
02 03 04 05 06 09 15 16 19 20 21 22 24 25

3031:
02 04 07 08 09 10 14 15 16 17 18 20 21 22
01 03 04 06 09 12 13 15 16 17 18 21 24 25
01 03 09 10 12 13 14 15 16 17 19 21 22 23
02 03 05 08 10 12 13 14 16 19 20 22 24 25
02 03 05 07 08 09 10 12 13 16 21 22 23 25
01 02 05 06 10 12 13 14 16 18 19 20 22 23
03 04 05 07 10 11 12 13 15 18 19 21 22 23

3032:
01 04 05 06 07 10 12 15 16 19 20 23 24 25
01 02 03 04 05 06 07 08 09 10 11 18 20 23
01 04 05 06 10 11 13 14 16 17 21 22 23 25
01 02 03 06 09 10 12 15 16 17 20 21 23 25
02 03 04 05 06 07 09 10 11 12 17 19 24 25
02 05 06 07 09 10 14 15 16 17 19 20 21 22
03 04 06 07 08 09 10 13 14 15 17 22 23 24

3033:
02 04 05 06 07 09 10 11 12 16 19 21 22 23
02 03 05 07 08 10 13 15 16 17 18 20 21 23
02 06 08 09 10 11 12 14 15 16 17 19 21 23
01 05 06 07 08 10 11 13 16 17 18 21 24 25
02 03 04 05 08 14 15 17 18 19 20 21 24 25
01 03 04 05 07 08 12 15 16 17 18 19 20 24
01 02 04 06 07 08 09 10 14 16 21 22 23 25

3034:
02 04 05 06 08 09 10 13 14 15 17 20 23 25
01 02 03 04 05 06 07 12 16 17 18 20 22 24
07 09 10 11 13 15 16 17 18 19 20 21 23 24
02 03 05 07 09 10 11 14 16 18 19 22 23 24
01 05 06 08 12 13 14 15 16 19 20 23 24 25
01 03 06 08 09 12 13 14 16 17 19 22 23 24
01 02 03 04 05 07 09 13 14 16 17 18 20 24

3035:
01 02 04 05 07 08 10 16 17 19 21 22 23 25
02 03 05 07 10 11 13 14 15 16 19 21 22 24
01 03 06 07 09 11 12 14 15 17 18 21 22 24
01 02 03 08 09 10 13 16 18 20 22 23 24 25
01 02 03 04 06 08 09 10 14 17 18 19 20 23
01 03 04 05 06 12 13 14 15 19 20 21 23 25
03 04 05 06 08 09 10 18 19 20 22 23 24 25

3036:
01 03 06 07 09 10 13 16 17 18 20 22 23 25
01 02 03 04 06 08 13 14 18 19 20 22 23 25
04 05 07 08 10 12 13 14 15 16 18 19 20 22
03 07 08 10 14 15 16 17 18 19 21 22 23 24
01 03 04 05 09 10 11 12 13 16 17 20 22 25
02 04 06 07 09 11 12 13 14 15 17 22 23 25
02 03 04 05 09 10 12 14 16 18 20 21 22 23

3037:
03 05 06 07 09 11 12 13 16 18 19 20 23 25
01 02 06 07 09 14 15 16 18 19 21 23 24 25
01 02 03 05 06 08 10 11 13 15 17 18 19 22
01 02 03 04 05 06 07 11 14 15 18 19 22 25
02 04 07 08 09 12 14 18 20 21 22 23 24 25
01 02 06 07 08 09 10 13 14 19 20 21 22 24
01 02 03 04 05 06 13 14 15 17 19 22 23 25

3038:
02 05 06 08 09 12 14 17 18 19 20 21 24 25
02 03 05 06 07 09 13 14 18 19 20 21 22 24
01 02 05 07 08 09 10 12 13 17 20 21 24 25
01 02 03 05 08 09 11 16 17 19 20 22 24 25
01 02 03 05 07 08 11 16 17 19 20 21 24 25
01 03 05 06 07 09 11 12 14 15 17 19 20 25
01 02 03 11 12 14 16 17 18 19 20 22 24 25

3039:
01 02 03 06 08 11 13 16 17 18 19 23 24 25
01 02 08 11 12 13 14 15 16 19 20 23 24 25
01 02 03 04 08 09 11 12 14 15 16 18 19 21
01 02 05 09 10 12 13 15 16 18 19 21 23 24
02 05 06 07 08 09 10 11 12 14 15 17 18 21
02 04 05 06 08 11 13 14 15 16 18 19 20 21
01 02 06 09 11 13 16 17 19 21 22 23 24 25

3040:
04 06 07 13 14 15 16 17 18 19 20 22 23 24
01 03 04 05 08 09 10 13 14 16 20 22 24 25
01 03 04 05 08 09 13 14 17 19 20 22 24 25
01 02 06 09 10 11 12 17 18 19 20 21 22 25
01 03 04 06 07 09 10 11 16 19 20 21 22 24
01 02 04 06 08 10 11 15 16 17 18 21 23 24
01 03 04 05 10 11 13 14 15 17 18 19 24 25

3041:
01 03 07 08 09 14 15 16 17 18 19 21 23 25
01 05 06 07 08 10 11 12 14 15 17 20 21 22
02 04 06 08 10 12 15 17 18 19 20 21 22 25
02 03 04 08 09 11 12 13 16 17 18 19 20 25
02 04 06 09 12 13 14 16 17 19 21 23 24 25
01 02 03 07 10 11 12 13 14 15 19 20 22 25
04 06 08 09 14 16 17 18 19 20 21 23 24 25

3042:
01 02 03 05 06 08 09 10 11 15 19 20 22 23
01 02 04 06 07 12 14 15 16 18 19 20 23 24
01 02 04 05 10 11 14 15 17 18 21 22 23 24
02 05 06 07 09 12 14 16 19 20 21 23 24 25
01 03 05 08 10 11 14 16 18 20 22 23 24 25
02 03 05 08 09 10 12 14 17 19 21 22 23 25
01 03 04 05 06 11 12 15 16 18 19 20 21 22

3043:
01 07 11 12 14 15 16 18 19 21 22 23 24 25
02 04 05 06 07 08 10 13 14 15 16 20 22 24
01 02 06 08 09 11 13 15 17 18 19 20 22 24
03 04 05 06 07 08 09 11 12 13 15 18 20 23
01 02 05 06 08 09 10 15 17 18 19 20 21 23
01 02 05 06 07 11 15 16 18 20 21 22 23 25
01 02 03 05 07 09 10 13 15 16 17 22 23 24

3044:
02 03 05 06 07 08 09 10 14 16 17 18 21 25
02 04 05 06 09 10 12 13 15 16 17 18 22 25
02 03 05 06 07 09 10 11 13 15 19 23 24 25
01 02 04 05 09 10 11 15 18 19 20 23 24 25
01 04 07 08 13 15 17 18 19 20 21 22 24 25
01 10 11 12 15 16 17 18 19 20 21 23 24 25
01 03 04 06 12 13 14 17 18 19 21 22 24 25

3045:
01 02 03 04 06 09 12 13 16 17 18 19 21 23
02 03 04 08 09 10 11 12 13 16 18 20 22 25
02 04 05 06 09 12 13 14 15 17 18 20 21 24
01 03 05 08 09 12 14 15 17 19 21 22 23 24
02 03 05 08 09 10 11 12 17 19 21 22 24 25
01 02 05 06 11 13 14 17 19 20 21 22 23 24
01 02 03 06 07 09 10 11 13 14 20 22 23 24

3046:
02 08 10 11 13 14 15 17 18 20 21 22 24 25
01 02 03 06 08 09 11 13 15 17 20 22 23 25
01 03 06 07 09 10 11 13 16 19 20 22 23 25
03 06 07 09 10 12 13 15 18 19 20 23 24 25
01 03 05 07 08 10 11 12 15 16 18 21 22 23
02 03 09 10 11 12 13 16 17 18 21 23 24 25
01 02 03 05 07 09 10 13 16 19 22 23 24 25

3047:
01 03 06 08 09 13 14 15 17 18 22 23 24 25
03 05 07 09 10 12 14 15 16 18 20 21 23 25
03 05 07 08 10 12 13 15 16 21 22 23 24 25
01 03 05 06 08 10 12 13 15 19 20 22 24 25
01 03 05 06 08 09 14 15 17 19 21 22 23 25
03 04 06 07 08 09 10 12 14 15 16 19 22 24
02 03 05 06 08 10 11 12 16 20 22 23 24 25

3048:
03 04 05 06 08 10 11 15 16 17 18 20 22 25
01 03 08 09 11 12 13 16 17 20 21 23 24 25
01 02 03 05 06 08 10 11 12 13 18 19 20 23
01 02 03 04 07 08 09 15 16 17 18 20 22 23
04 05 07 08 09 11 12 13 15 16 22 23 24 25
01 07 08 10 11 13 14 15 16 17 19 23 24 25
02 03 05 06 08 10 12 13 15 18 19 23 24 25

3049:
03 04 07 08 10 12 14 16 17 18 22 23 24 25
01 02 03 06 08 10 11 12 16 18 21 22 24 25
03 04 06 08 09 13 16 18 19 20 21 22 24 25
01 02 03 07 10 11 13 15 17 19 22 23 24 25
01 02 04 06 07 10 12 13 14 19 20 21 23 24
01 03 04 05 06 09 10 12 14 15 17 18 20 22
02 04 05 06 09 10 11 12 14 17 19 21 22 24

3050:
01 05 07 08 09 10 11 12 13 15 18 19 21 24
02 03 04 05 08 10 12 13 15 16 18 20 22 24
04 05 07 10 13 14 15 17 18 21 22 23 24 25
02 03 04 05 06 08 09 11 12 14 17 19 20 21
01 02 05 07 08 10 11 14 16 17 19 20 21 24
01 02 05 07 08 10 12 13 18 20 22 23 24 25
01 02 03 05 06 07 08 09 17 19 21 22 23 24

3051:
03 04 06 12 14 16 17 18 19 20 21 22 23 24
01 04 06 08 10 11 12 13 14 15 18 20 21 24
01 03 05 06 07 08 13 14 16 18 19 20 23 24
01 06 07 08 10 11 12 13 15 17 18 19 20 25
01 02 03 04 08 10 12 16 17 18 20 21 24 25
01 02 03 05 08 09 10 11 12 14 18 21 24 25
01 02 04 08 09 11 12 13 15 17 18 21 22 24

3052:
01 02 03 05 06 08 09 11 12 13 20 22 23 24
02 05 06 08 09 10 11 13 14 17 18 19 22 25
01 03 09 10 12 14 15 16 18 19 20 23 24 25
01 04 05 06 09 10 11 12 13 14 16 17 18 24
01 02 03 04 06 07 08 09 10 11 18 21 22 25
02 05 07 09 13 15 16 18 19 21 22 23 24 25
02 03 06 07 09 10 11 13 17 18 20 21 24 25

3053:
01 02 03 07 08 10 12 13 14 15 16 17 20 23
01 02 03 05 06 08 10 11 12 16 17 18 22 23
07 09 11 13 15 16 17 19 20 21 22 23 24 25
02 03 04 08 09 11 12 13 16 18 20 21 22 24
01 05 07 08 09 11 12 13 14 15 16 20 24 25
01 02 03 05 06 07 09 10 12 19 20 21 23 25
08 10 11 12 14 15 16 17 18 19 20 22 23 25

3054:
01 04 07 08 09 13 15 16 17 19 21 22 24 25
04 07 10 12 13 14 17 18 19 20 21 22 24 25
01 02 04 07 08 10 11 12 16 17 18 19 21 22
01 02 05 06 08 12 13 14 15 16 17 18 23 25
04 06 08 09 10 13 14 16 17 18 19 20 22 24
02 03 04 06 07 08 14 15 18 19 20 21 23 25
01 02 04 09 10 11 13 17 18 19 20 21 24 25

3055:
04 05 06 07 08 09 11 12 14 16 17 18 21 22
02 03 04 05 08 09 10 11 12 16 17 19 21 24
01 03 04 05 08 10 11 14 15 19 20 21 22 25
02 03 04 09 12 13 14 15 16 18 19 20 22 24
01 03 06 07 09 10 11 12 14 16 17 19 20 22
01 04 08 09 11 12 13 18 19 20 21 22 24 25
03 04 06 07 08 09 12 13 14 16 19 23 24 25

3056:
02 04 05 06 09 13 14 15 16 20 22 23 24 25
01 02 03 06 07 10 12 13 14 15 17 19 24 25
01 02 05 07 08 09 10 12 15 16 19 22 24 25
02 04 05 07 08 09 11 15 17 18 19 20 21 25
02 04 06 09 10 11 12 14 16 18 19 23 24 25
02 04 05 06 08 11 12 13 16 18 19 20 23 25
01 02 04 05 06 07 09 11 12 13 15 18 23 25

3057:
02 04 05 06 07 14 15 16 17 19 20 21 24 25
01 03 08 09 12 13 14 15 17 21 22 23 24 25
03 06 07 08 10 11 13 15 17 18 20 21 23 24
03 04 06 07 09 10 11 13 17 19 20 21 23 25
03 07 09 10 11 12 14 17 18 19 21 22 23 25
03 04 06 08 09 11 12 13 16 19 20 22 24 25
03 04 06 07 08 11 12 13 14 16 17 21 22 24

3058:
01 02 03 05 07 08 09 10 12 16 17 19 21 25
02 04 05 06 11 12 13 17 18 20 21 22 24 25
01 03 05 10 12 13 14 15 16 21 22 23 24 25
01 03 04 06 09 12 13 14 15 16 17 18 20 24
02 06 07 10 12 13 14 16 17 20 21 22 23 24
02 04 05 08 09 10 11 13 14 16 17 19 22 24
01 02 03 05 08 09 10 12 13 15 16 18 21 22

3059:
01 05 06 07 08 11 14 15 17 19 20 21 23 24
02 06 07 09 10 13 14 15 17 18 20 22 24 25
02 03 07 08 09 10 11 14 15 16 17 20 23 25
02 03 04 05 08 11 12 15 16 17 19 20 23 25
01 03 04 06 08 09 11 12 13 15 20 21 23 24
02 03 04 05 10 11 13 15 16 18 20 21 22 24
02 09 10 11 12 15 16 17 18 19 21 22 23 25

3060:
01 04 05 06 07 08 10 12 13 14 19 23 24 25
02 05 06 07 08 12 14 15 17 19 20 21 23 25
01 02 03 04 06 08 09 12 15 16 17 21 22 24
01 04 05 08 09 11 12 13 15 19 20 21 22 24
04 07 09 12 13 16 17 18 20 21 22 23 24 25
01 04 05 07 08 09 12 13 15 17 19 20 21 25
01 02 04 08 10 13 14 15 17 18 19 22 24 25

3061:
01 02 03 04 05 06 07 09 10 14 15 17 21 25
01 03 05 06 07 10 12 13 14 15 20 22 24 25
03 05 06 08 10 11 13 15 19 20 21 23 24 25
01 02 03 04 06 09 10 11 12 17 18 21 24 25
01 03 06 07 08 09 11 12 17 18 20 22 23 24
01 04 05 07 08 09 12 13 15 16 17 20 21 25
02 03 04 07 08 09 11 14 15 18 20 21 22 23

3062:
02 03 04 06 07 10 13 14 16 17 19 20 21 23
02 03 06 09 10 11 14 15 18 20 22 23 24 25
03 04 05 07 08 10 12 14 17 18 19 20 24 25
01 03 04 06 07 08 09 10 12 13 15 17 23 25
01 03 05 06 08 09 12 13 14 16 18 19 20 21
01 04 05 07 08 10 14 15 17 20 21 22 23 25
02 03 04 05 06 08 09 10 12 14 16 22 23 24

3063:
01 02 04 05 07 11 13 14 15 16 17 18 20 25
03 04 05 06 07 08 09 10 11 17 19 20 21 24
02 03 04 05 08 09 11 12 14 15 17 19 20 23
01 04 07 08 09 10 11 13 14 15 16 17 20 23
01 04 05 07 13 15 16 18 19 20 21 22 23 25
01 02 04 08 09 10 14 15 16 17 19 21 22 25
01 04 05 07 08 09 11 13 17 20 21 22 23 25

3064:
03 04 06 07 09 12 13 14 15 16 17 18 21 23
01 03 06 08 11 12 13 15 16 17 18 21 22 23
02 04 05 08 09 10 11 12 14 15 18 20 24 25
02 03 04 07 09 10 13 16 17 18 20 23 24 25
02 03 06 08 10 11 13 14 16 17 21 22 24 25
01 02 03 05 08 09 10 13 15 17 21 22 24 25
01 02 03 07 08 10 14 16 17 18 19 20 24 25

3065:
02 03 05 07 08 09 12 14 15 18 20 21 22 24
01 05 07 08 10 11 12 13 15 16 17 18 21 24
01 02 03 04 06 08 10 11 12 18 20 21 22 23
01 02 05 08 09 10 13 14 15 17 19 21 23 25
01 04 05 06 09 11 12 14 15 16 17 21 23 24
01 02 04 07 09 11 14 15 18 19 20 21 24 25
02 04 05 08 09 10 11 13 15 17 20 22 23 25

3066:
01 03 05 06 08 10 11 13 14 19 21 22 24 25
01 03 05 08 09 10 12 15 16 18 20 21 23 24
02 04 05 08 09 12 14 15 16 17 19 21 24 25
02 03 05 06 07 12 13 15 16 17 19 20 24 25
01 04 07 08 09 12 15 16 19 20 22 23 24 25
02 05 08 10 12 13 14 15 16 18 20 21 22 25
03 04 05 06 09 10 12 16 17 18 19 21 22 24

3067:
01 02 05 06 08 11 13 14 16 19 20 22 24 25
02 03 04 07 09 10 11 16 18 20 21 22 23 24
01 04 05 06 08 10 11 12 13 17 18 22 23 24
01 02 03 04 05 06 07 09 10 13 16 20 21 25
01 04 07 08 10 11 13 14 15 16 18 20 24 25
03 05 06 07 08 09 11 12 14 15 17 20 21 23
01 02 04 06 07 08 10 13 15 17 18 19 23 25

3068:
01 02 03 07 08 09 10 12 16 20 21 22 24 25
01 03 04 06 08 11 12 14 16 17 20 22 24 25
01 03 05 10 11 13 14 16 17 18 20 21 22 23
01 02 05 08 09 11 13 14 15 16 17 19 20 21
01 02 04 05 06 07 09 10 11 12 17 18 22 24
01 02 06 10 11 12 13 14 17 18 19 20 24 25
02 04 06 09 10 11 16 17 18 19 20 22 24 25

3069:
01 02 04 05 06 09 11 12 13 14 17 20 21 24
01 06 08 09 12 13 14 15 16 19 20 22 23 24
01 03 04 06 08 09 10 11 13 14 16 19 22 23
01 03 04 07 08 10 13 16 18 19 20 21 23 24
03 06 07 11 12 14 15 16 17 18 19 20 24 25
01 03 04 06 07 08 09 11 15 17 20 21 23 24
01 02 04 05 08 09 10 11 12 13 17 18 19 23

3070:
02 05 06 08 09 10 11 12 13 14 15 20 21 22
01 05 06 08 11 12 14 17 18 19 20 21 24 25
01 02 05 06 09 11 12 13 14 15 16 17 18 20
01 02 03 05 07 08 10 13 14 15 16 17 20 25
01 02 04 05 08 09 11 13 15 16 17 18 20 21
03 04 05 06 10 11 12 13 16 18 20 21 22 23
01 02 03 04 05 06 08 10 11 13 15 16 21 25

3071:
01 05 07 08 12 13 14 15 17 20 22 23 24 25
01 03 06 10 11 13 16 18 19 20 21 23 24 25
02 03 04 05 06 10 15 16 18 19 21 22 23 25
01 02 03 06 07 09 14 16 17 18 19 21 24 25
01 03 04 05 06 07 08 09 15 16 19 20 21 25
01 03 05 07 11 12 14 17 19 20 21 23 24 25
01 02 03 06 09 10 11 12 14 16 18 21 22 23

3072:
01 03 04 06 08 09 10 12 13 14 18 21 22 24
01 02 03 06 07 08 10 15 18 19 20 22 24 25
01 04 05 06 07 08 10 12 13 14 18 20 24 25
04 05 10 11 12 13 14 15 17 18 19 21 23 24
01 04 05 06 08 10 13 15 20 21 22 23 24 25
03 04 05 10 14 16 17 18 19 20 21 22 24 25
01 03 04 07 12 13 14 16 19 20 21 23 24 25

3073:
03 04 05 06 09 10 14 15 16 18 19 20 21 24
02 03 05 09 10 14 16 17 18 19 20 22 23 24
01 02 03 05 06 09 11 12 13 18 19 21 22 24
01 03 04 05 08 10 11 12 14 17 18 21 23 24
02 04 05 07 09 10 11 15 16 20 22 23 24 25
02 06 07 08 09 10 12 16 17 18 19 21 23 25
02 03 04 06 08 11 12 13 14 18 22 23 24 25

3074:
03 06 07 10 11 13 14 15 16 17 20 22 23 24
02 03 05 09 10 14 16 17 18 19 20 22 23 24
03 04 07 10 11 12 16 17 19 20 21 22 23 24
02 03 04 05 07 08 11 15 17 18 19 20 22 25
01 03 04 05 09 11 12 13 15 17 18 19 22 25
02 03 06 09 10 11 14 16 17 20 21 23 24 25
01 07 08 10 11 13 14 16 17 18 21 22 24 25

3075:
03 05 06 07 08 09 11 12 13 15 16 17 20 22
01 06 08 11 13 14 15 16 17 19 22 23 24 25
02 04 06 08 09 12 13 15 16 17 18 21 22 23 
04 05 07 08 09 13 15 16 17 19 21 22 24 25
02 03 06 07 08 09 12 13 18 19 20 23 24 25
01 03 04 06 07 11 12 13 15 16 19 22 23 24
01 02 04 05 06 09 11 12 16 18 19 20 22 25

3076:
01 02 04 05 06 07 09 13 15 17 19 22 24 25
01 03 08 09 10 13 14 16 18 19 20 21 24 25
01 02 03 04 06 08 09 12 13 14 15 16 23 25
01 02 03 06 08 09 12 13 14 15 17 19 20 25
01 04 07 08 09 10 12 13 15 17 20 21 23 25
01 02 06 09 10 12 13 14 15 16 17 22 23 24
01 02 04 05 06 08 09 10 11 15 16 17 18 21

3077:
01 02 03 04 07 08 09 10 12 14 15 16 17 18
01 05 09 10 11 13 16 17 18 19 20 21 22 25
02 03 05 06 07 08 10 11 13 17 20 21 24 25
04 05 07 08 09 10 11 13 15 17 19 21 22 25
01 02 03 04 05 07 09 10 11 14 19 21 23 24
02 03 06 07 08 09 10 12 13 14 15 19 20 21
05 06 08 10 11 12 17 18 19 20 21 22 24 25

3078:
03 04 06 09 10 13 14 15 16 18 19 20 22 24
04 05 07 08 09 12 14 15 17 18 20 22 24 25
03 04 05 06 08 09 12 13 14 18 22 23 24 25
02 04 06 08 09 10 12 15 17 18 19 21 22 25
01 03 04 06 09 10 11 12 17 18 20 21 22 25
01 03 04 09 10 11 12 14 16 17 18 19 21 22
03 05 09 10 11 12 14 15 16 17 20 22 24 25

3079:
01 04 05 06 09 10 17 18 19 21 22 23 24 25
02 03 05 06 08 10 11 12 13 16 19 20 21 22
02 03 04 07 08 09 11 18 19 20 21 22 23 24
02 03 08 10 11 12 13 14 16 19 20 21 23 24
01 06 10 11 12 13 15 16 18 19 20 22 23 24
01 04 05 06 07 09 10 12 13 15 16 19 20 22
02 03 05 09 10 13 15 16 17 19 21 22 23 25

3080:
01 02 03 06 07 08 09 11 12 13 17 18 19 20 
04 05 06 08 10 11 13 16 17 18 20 21 22 23
01 02 03 04 05 06 09 10 12 15 17 20 22 23
02 03 04 05 07 09 12 15 16 17 18 22 23 24
01 04 05 07 08 09 10 12 16 18 19 20 23 25
01 02 05 09 10 11 13 14 15 17 18 19 23 24
04 08 09 11 12 13 14 15 16 18 19 21 23 25

3081:
01 03 04 06 08 09 13 14 15 16 17 18 22 25
02 06 07 08 11 12 14 17 19 20 22 23 24 25
01 03 05 06 07 08 10 12 14 16 17 21 22 23
01 02 08 09 11 12 13 15 16 18 20 22 23 24
02 04 05 09 10 11 12 13 14 19 20 21 22 24
05 06 08 09 10 11 12 15 16 18 19 23 24 25
02 03 04 06 08 11 12 13 15 17 19 23 24 25

3082:
01 02 03 06 09 11 12 14 15 17 20 22 24 25
02 03 04 08 11 12 13 14 15 16 21 22 23 25
01 04 05 08 09 11 13 14 16 18 19 20 21 22
01 02 04 05 08 09 12 14 15 16 17 18 20 24
01 02 03 04 05 09 11 14 18 20 21 22 24 25
01 04 05 07 08 13 14 16 17 19 21 22 23 25
01 04 06 08 09 10 12 15 16 18 19 20 22 24

3083:
04 05 06 07 08 10 11 14 16 18 20 21 23 24
02 04 06 08 09 11 12 13 14 15 19 22 23 25
01 03 04 08 10 11 15 16 17 20 21 22 24 25
01 02 07 08 09 10 11 13 18 19 22 23 24 25
02 05 06 08 09 10 13 15 16 18 19 22 23 25
01 02 04 05 06 12 14 17 18 19 20 21 22 24
01 02 05 07 08 09 12 13 15 19 21 22 23 24

3084:
02 03 06 07 08 09 12 14 16 17 18 19 21 23
01 04 06 09 11 12 13 15 17 19 21 22 23 25
02 05 06 08 09 10 13 14 16 17 19 20 21 24
03 05 07 09 12 13 14 15 17 18 19 21 23 24
01 03 06 08 09 12 13 14 15 17 19 20 21 25
04 05 06 07 10 12 13 14 15 19 21 22 23 25
04 05 06 07 08 09 10 12 16 17 19 20 21 23

3085:
01 03 05 07 10 11 12 13 14 15 16 17 20 22
01 03 05 07 11 12 13 15 16 18 19 22 23 24
01 02 06 09 11 13 14 16 17 18 20 21 23 24
03 05 07 08 10 11 12 14 16 18 20 21 23 25
01 02 03 05 06 07 09 12 17 18 19 20 22 25
01 02 06 08 09 10 13 16 17 18 20 21 22 24
01 04 06 07 08 09 10 12 14 16 21 22 23 24

3086:
02 04 05 06 09 10 11 12 13 16 17 18 20 24
01 03 05 07 08 09 11 12 13 14 15 21 23 24
01 02 04 07 08 09 10 11 12 13 17 18 21 22
01 02 03 04 08 09 11 13 15 16 20 22 23 25
02 04 07 08 09 11 12 13 14 17 20 21 24 25
01 04 06 09 10 11 14 16 17 19 21 22 24 25
02 03 08 10 11 12 13 14 16 17 19 21 24 25

3087:
02 04 05 08 09 12 14 15 16 18 19 22 23 25
01 02 07 09 10 11 12 13 14 15 16 19 22 23
01 02 04 05 07 08 12 13 14 16 17 20 22 24
02 05 10 12 13 14 16 17 18 19 22 23 24 25
02 03 05 06 08 11 13 14 16 17 18 20 23 24
01 02 08 09 12 13 18 19 20 21 22 23 24 25
02 03 05 06 08 09 10 15 17 18 20 21 22 25

3088:
02 03 04 05 06 12 15 16 17 18 19 21 23 24
01 02 04 06 08 09 11 13 15 16 17 18 20 25
02 05 06 08 10 12 13 15 16 17 18 22 24 25
01 02 05 07 10 13 18 19 20 21 22 23 24 25
01 03 04 05 08 11 12 14 15 19 20 22 23 24
01 03 06 07 11 12 15 16 17 18 20 21 24 25
02 03 04 07 08 09 10 12 17 21 22 23 24 25

3089:
03 05 06 09 10 12 14 16 17 18 21 22 23 25
02 03 04 06 08 09 10 14 15 19 21 23 24 25
01 02 05 07 08 09 10 11 12 13 15 18 23 24
02 03 06 07 08 09 10 11 13 14 16 21 24 25
01 03 04 05 07 08 09 12 13 16 18 22 24 25
01 04 06 07 09 10 11 12 14 17 18 23 24 25
01 02 03 05 08 09 10 12 13 14 15 16 24 25

3090:
01 04 06 07 08 09 10 13 17 18 19 20 23 25
01 02 03 04 05 06 07 09 11 14 18 19 20 21
03 05 06 09 10 12 14 15 18 19 22 23 24 25
02 04 05 08 09 10 12 13 14 16 17 19 20 25
01 03 04 06 07 08 09 11 12 13 14 20 21 22
02 03 04 05 06 08 10 11 12 15 18 19 21 25
01 02 03 05 06 07 10 11 14 15 17 22 24 25

3091:
01 03 04 06 07 08 09 11 12 14 15 18 19 23
01 02 03 05 09 13 14 15 16 17 20 21 24 25
01 02 04 05 07 09 12 13 15 16 17 19 20 22
03 04 06 08 10 12 13 15 16 17 21 23 24 25
03 04 06 07 10 11 12 13 14 17 18 19 21 23
01 02 05 07 10 11 12 13 14 17 22 23 24 25
02 05 08 10 12 13 14 17 18 19 20 23 24 25

3092:
01 03 04 05 06 10 11 12 13 17 19 22 24 25
02 04 05 06 07 09 10 11 12 14 16 19 20 22
01 02 04 05 08 10 12 13 14 15 17 18 21 23
03 04 06 09 10 11 12 14 15 17 18 19 24 25
03 05 06 07 09 10 11 13 14 15 18 19 24 25
01 05 07 08 11 12 14 18 19 20 21 22 23 25
01 05 06 08 09 12 13 17 18 19 20 23 24 25

3093:
02 04 05 09 10 11 13 15 16 17 19 20 21 24
01 03 04 06 07 08 11 12 15 16 19 20 24 25
01 02 03 04 06 08 12 14 15 17 20 22 24 25
01 03 06 08 10 11 12 13 14 15 16 21 23 25
01 03 05 06 07 11 12 14 16 18 19 20 23 25
05 07 08 09 10 11 13 14 17 19 20 23 24 25
01 02 08 13 16 17 18 19 20 21 22 23 24 25

3094:
02 03 04 07 08 09 10 13 18 19 21 23 24 25
01 02 04 05 06 09 10 11 13 17 19 21 22 23
02 04 05 06 07 10 11 12 14 15 16 18 21 23
02 03 04 06 07 08 10 11 14 17 18 20 22 23
03 05 06 07 09 11 13 14 16 17 18 20 21 25
07 08 10 11 12 13 14 16 18 20 21 22 23 24
02 03 04 05 06 07 08 10 13 14 15 16 21 24


3095:
03 04 05 06 07 10 12 14 16 17 18 21 24 25
03 04 05 07 08 11 14 17 19 20 21 22 24 25
03 04 05 07 08 10 13 14 16 18 19 22 23 24
01 02 07 09 10 12 15 17 18 19 22 23 24 25
01 02 03 05 06 08 09 10 11 12 13 19 22 25
03 04 05 06 07 09 12 13 15 18 20 22 24 25
01 02 04 09 11 12 16 17 18 20 21 22 23 25


3096:
01 03 05 07 08 09 10 11 15 17 18 19 23 25
03 04 08 09 12 13 14 15 17 20 21 22 23 25
02 03 05 06 11 13 16 18 19 21 22 23 24 25
01 02 03 05 06 07 08 12 15 17 19 22 24 25
01 03 06 07 08 09 12 17 19 21 22 23 24 25
01 03 05 07 08 10 11 14 15 16 18 19 20 24
02 05 06 07 12 13 14 18 20 21 22 23 24 25


3097:
01 03 04 05 06 10 11 14 18 19 21 23 24 25
02 04 05 06 08 09 10 11 15 17 19 22 23 24
01 02 05 07 09 11 12 13 14 16 17 18 19 22
01 02 04 05 06 07 09 11 13 15 17 19 22 24
01 02 03 05 10 11 13 14 16 17 18 20 21 25
01 03 04 05 07 08 10 13 14 15 17 18 20 23
02 03 05 06 08 11 12 14 16 18 19 20 22 23

3098:
01 02 04 05 06 09 11 13 16 17 18 19 22 23
03 04 05 09 11 12 13 14 16 18 19 20 22 24
01 02 07 11 12 13 14 16 17 18 19 20 21 23
04 05 08 09 10 13 14 15 17 19 20 22 24 25
01 03 04 08 11 12 14 15 16 19 21 22 23 24
01 03 05 06 07 08 11 14 16 18 19 20 23 24
02 03 06 08 10 11 12 13 14 18 20 22 23 24

3099:
01 02 03 05 06 10 15 16 18 19 20 21 23 25
02 06 10 11 12 13 14 15 16 18 19 20 24 25
01 02 05 07 08 09 10 12 14 16 21 22 24 25
03 05 06 07 08 10 12 14 15 19 21 22 23 24
02 04 05 09 12 13 16 17 18 19 20 21 23 24
01 07 09 10 11 13 15 17 19 20 21 22 23 24
01 04 05 09 10 12 14 17 18 19 20 22 23 24

3100:
01 02 04 05 06 07 08 09 12 16 20 22 23 25
05 06 08 09 11 12 13 15 16 17 18 20 21 24
01 03 04 05 06 10 11 12 16 18 19 20 22 25
01 03 05 09 12 13 14 15 16 18 20 21 23 25
02 03 04 06 08 09 10 11 13 15 16 17 19 22
04 05 06 08 09 10 12 13 14 16 19 20 23 25
05 08 10 11 13 14 15 17 18 19 20 21 22 25

3101:
01 02 03 06 10 11 12 14 15 16 19 20 21 24
02 04 05 06 08 09 10 13 15 17 18 19 24 25
01 02 03 04 07 09 10 11 12 14 15 17 20 25
01 04 05 06 07 08 12 13 14 16 18 22 23 24
01 04 05 06 08 09 11 12 13 15 20 22 23 24
01 02 05 06 08 09 11 18 19 20 21 23 24 25
01 02 03 04 05 06 09 13 14 16 18 19 21 22

3102:
02 03 06 08 09 10 11 12 13 17 21 23 24 25
02 03 04 06 07 08 11 18 19 20 21 23 24 25
01 02 04 06 10 11 12 14 15 21 22 23 24 25
01 02 04 07 08 11 13 16 18 19 20 22 24 25
01 02 03 06 09 10 12 14 16 17 18 20 23 25
01 03 04 06 07 09 10 12 13 16 17 18 22 24
01 02 06 10 11 12 14 18 20 21 22 23 24 25

3103:
04 05 06 07 09 11 12 13 15 18 19 21 23 24
02 03 05 06 07 09 11 17 18 19 21 23 24 25
02 04 05 06 07 08 09 10 13 18 20 23 24 25
01 02 03 07 08 10 11 13 15 16 18 19 24 25
01 02 03 09 10 12 13 14 16 17 19 21 23 24
05 06 07 09 10 11 14 17 18 21 22 23 24 25
01 04 05 06 07 08 10 12 15 18 19 20 22 23

3104:
03 04 07 08 12 13 15 16 17 19 20 21 23 24
02 03 05 06 07 10 11 14 16 18 19 20 22 25
02 03 06 08 10 11 13 14 19 20 22 23 24 25
02 05 07 08 09 10 14 15 16 18 19 20 21 24
02 03 04 05 07 11 12 16 17 18 22 23 24 25
04 05 08 09 10 12 14 17 19 20 21 22 23 25
01 03 04 07 09 11 13 15 16 17 19 20 23 24

3105:
01 04 08 09 10 12 15 17 18 19 20 22 23 25
01 02 03 06 09 10 11 15 17 18 19 22 24 25
01 03 04 05 11 13 14 15 17 19 21 23 24 25
03 05 06 09 10 12 13 14 15 18 20 21 23 24
01 02 03 07 08 09 10 13 15 20 21 22 23 25
01 02 03 07 08 10 11 14 16 17 19 22 23 25
04 06 07 09 10 12 13 14 15 17 19 21 22 24

3106:
04 05 06 07 09 11 12 13 15 18 19 21 23 24
02 03 05 06 07 09 11 17 18 19 21 23 24 25
02 04 05 06 07 08 09 10 13 18 20 23 24 25
01 02 03 07 08 10 11 13 15 16 18 19 24 25
01 02 03 09 10 12 13 14 16 17 19 21 23 24
05 06 07 09 10 11 14 17 18 21 22 23 24 25
01 04 05 06 07 08 10 12 15 18 19 20 22 23

3107:
01 02 04 06 09 10 11 14 15 16 17 18 19 22
01 02 03 04 05 06 09 10 11 15 19 21 22 25
01 04 08 09 10 11 13 14 16 17 20 22 23 24
01 02 04 08 10 11 13 15 16 19 20 22 23 25
02 03 05 06 07 09 11 12 13 16 18 20 24 25
02 03 04 05 06 09 12 14 15 17 18 20 22 23
02 03 05 07 09 11 12 13 14 15 21 23 24 25

3108:
01 02 04 05 08 10 12 13 14 15 17 18 21 22
01 03 06 07 09 10 11 13 19 20 21 22 23 24
03 04 05 06 09 12 13 14 16 18 19 20 22 25
01 03 04 06 07 09 12 15 16 18 19 21 22 23
02 03 06 07 12 13 14 15 16 17 19 22 23 24
01 03 05 06 10 11 12 15 17 19 20 21 23 24
01 02 03 04 05 09 10 13 14 16 18 19 22 23

3109:
01 03 04 05 07 09 10 12 13 14 15 22 23 24
01 03 04 05 06 07 10 11 13 14 15 16 18 25
02 03 04 05 10 12 14 16 17 18 20 21 24 25
05 07 08 09 10 12 13 14 15 16 17 18 19 24
01 02 05 07 11 13 15 17 18 19 21 22 23 24
01 02 03 04 08 10 11 13 14 16 17 19 20 21
01 05 06 08 10 11 12 13 14 17 19 20 21 22

3110:
03 04 05 06 07 10 12 15 17 18 20 21 24 25
01 02 03 04 06 07 11 12 14 18 20 21 22 23
02 04 06 07 09 10 13 16 18 20 22 23 24 25
02 03 04 06 08 09 11 13 17 19 21 23 24 25
01 02 03 04 06 07 09 10 11 12 13 15 18 24
01 02 04 06 07 12 13 16 19 21 22 23 24 25
02 06 08 13 14 15 17 18 19 20 21 22 24 25       

3111:
01 02 04 05 07 08 09 10 12 13 16 18 19 20
01 05 08 10 11 15 17 18 19 21 22 23 24 25
01 02 04 05 07 08 12 18 20 21 22 23 24 25
01 02 06 08 09 10 15 17 19 20 21 23 24 25
01 04 07 08 09 11 12 17 18 20 22 23 24 25
01 05 06 08 10 12 13 14 16 17 18 20 23 25
01 02 04 05 07 10 11 12 16 17 18 20 22 24

3112:
01 02 03 04 11 12 13 17 19 21 22 23 24 25
02 03 04 05 08 10 15 16 18 19 20 21 22 23
02 03 04 05 06 10 14 15 16 19 20 21 22 23
03 04 05 07 08 10 12 14 15 16 17 21 22 25
02 04 05 10 11 13 14 16 18 19 20 21 23 24
01 02 03 08 09 10 13 15 17 18 19 20 21 22
01 02 03 04 08 09 10 12 14 18 20 22 23 25

3113:
01 02 03 08 12 14 15 16 19 20 21 22 23 24
01 02 05 06 09 10 12 14 15 17 18 19 23 24
04 05 06 07 09 11 12 16 17 18 19 20 22 25
01 02 03 05 06 09 10 11 12 17 18 19 23 24
01 02 03 06 12 13 14 17 18 19 20 23 24 25
01 02 03 05 06 07 08 12 14 15 16 17 19 24
02 05 06 08 09 10 11 14 16 17 18 20 22 23

3114:
02 03 04 05 06 07 08 13 16 17 18 19 20 23
01 08 09 11 12 13 14 15 16 18 19 22 24 25
01 03 08 12 14 15 16 17 19 20 22 23 24 25
02 03 05 06 09 10 14 15 18 19 20 21 23 25
01 02 03 04 05 08 10 12 13 14 17 21 24 25
01 02 03 04 07 10 11 13 14 15 18 20 21 22
01 02 03 04 05 06 08 09 10 13 16 17 20 21


3115:
01 02 03 04 07 08 10 11 12 13 15 21 22 25
01 03 08 09 10 11 12 13 15 18 19 21 22 24
02 03 04 05 08 11 12 14 15 18 20 21 24 25
01 05 06 08 09 11 12 13 16 18 19 21 22 24
05 09 10 11 14 15 16 17 18 19 21 22 24 25
02 05 09 11 12 13 14 15 16 17 19 20 23 24
01 02 06 10 12 13 14 15 16 18 20 21 23 24


3116:
02 03 06 08 10 11 13 15 16 18 19 20 22 24
01 03 04 05 06 08 09 11 13 14 15 17 19 20
01 04 07 10 12 14 15 16 17 20 21 22 24 25
02 04 05 06 10 11 12 14 17 19 21 23 24 25
01 03 04 07 08 10 11 12 13 16 19 22 23 25
01 02 03 06 07 11 12 13 16 18 20 22 24 25
01 02 06 07 09 10 11 12 14 15 19 23 24 25


3117:
03 04 05 06 07 08 14 15 16 17 20 21 22 23
01 02 03 04 05 09 10 12 15 17 20 22 24 25
02 03 04 05 06 07 09 14 16 17 18 19 20 23
01 03 04 06 08 11 12 13 15 17 18 20 22 23
01 03 06 09 10 11 12 13 15 16 17 18 22 23
01 02 05 06 08 09 12 13 15 16 17 18 19 25
03 06 07 09 11 12 13 16 17 19 20 21 22 25


3118:
02 04 05 07 09 10 11 12 13 18 19 21 23 24
01 02 03 04 07 08 09 10 16 17 18 19 20 23
02 04 05 07 08 09 10 11 12 13 20 21 23 25
02 03 04 08 09 10 13 14 16 19 20 22 23 25
03 04 05 06 07 09 11 14 16 18 19 21 22 23
01 03 04 05 06 08 09 11 13 17 22 23 24 25
01 05 07 09 10 12 14 16 17 18 19 21 24 25


3119:
01 02 03 04 05 07 08 09 11 15 16 17 22 23
01 05 06 08 09 11 12 14 18 19 20 21 24 25
01 03 05 07 08 09 13 15 16 17 19 23 24 25
01 03 04 07 08 11 14 16 17 18 21 22 24 25
04 08 09 10 13 14 15 16 19 20 21 23 24 25
02 03 06 08 09 11 13 16 17 18 19 20 21 22
01 02 04 05 06 09 10 11 14 16 19 22 23 24

3120:
01 04 06 08 09 10 11 12 13 14 18 19 20 24
01 03 04 05 07 09 10 12 13 15 17 20 23 24
02 03 04 07 09 10 11 13 15 17 20 21 22 25
02 04 05 09 10 12 14 15 17 19 20 22 23 24
03 05 06 07 08 10 12 13 14 19 21 22 23 25
01 07 08 09 10 11 12 13 14 15 19 20 24 25
03 04 06 08 09 10 13 15 16 18 19 21 22 23

3121:
05 06 07 08 10 13 14 15 17 18 20 21 22 24
04 10 11 12 13 14 15 16 17 18 19 20 21 25
01 04 05 06 07 09 11 13 14 19 20 22 23 24
01 04 05 06 07 08 09 10 12 16 17 18 22 25
01 02 05 07 08 09 14 15 16 18 19 20 24 25
04 05 07 12 13 14 16 17 18 19 21 23 24 25
01 04 05 07 08 12 13 14 16 19 21 22 24 25

3122:
01 02 03 04 05 06 09 11 12 15 17 18 20 22
01 03 06 07 09 10 11 12 15 16 17 18 22 23
01 02 05 07 09 13 14 16 17 20 21 22 23 24
02 05 09 11 13 14 16 17 19 20 21 23 24 25
01 04 05 09 10 11 12 13 15 19 20 23 24 25
02 03 10 11 12 13 15 16 17 19 20 22 24 25
01 05 06 07 09 11 12 14 16 17 20 22 23 25

3123:
02 03 08 09 10 11 13 14 18 20 21 22 23 25
03 04 05 08 09 10 12 16 18 20 22 23 24 25
04 05 10 11 14 15 16 17 19 20 21 22 23 25
01 02 03 04 05 08 09 15 16 18 19 22 23 25
01 04 08 09 12 14 15 16 18 19 20 21 24 25
01 02 05 06 07 08 12 14 15 16 17 20 21 24
01 04 05 06 08 10 11 12 14 15 16 18 21 22

3124:
01 02 03 06 08 10 11 14 15 19 22 23 24 25
02 03 06 07 10 13 16 17 18 19 21 22 24 25
01 02 03 04 07 09 10 15 19 20 21 23 24 25
02 03 05 06 07 08 09 14 16 18 19 20 23 24
01 03 05 06 07 09 10 11 13 16 17 19 21 24
02 04 05 07 09 11 13 14 16 17 20 22 23 24
01 03 06 07 10 11 12 15 16 17 19 20 21 23

3125:
01 02 03 05 06 10 11 14 15 16 19 22 23 24
03 04 07 08 10 12 13 14 15 16 17 20 23 25
02 03 04 07 08 09 10 13 14 18 20 22 23 24
01 02 05 06 08 12 13 17 18 19 20 21 23 25
01 02 03 05 08 10 11 12 13 16 17 19 20 22
01 08 09 10 12 15 16 18 19 20 21 22 23 25
01 03 07 08 09 11 13 17 19 21 22 23 24 25

3126:
02 05 06 07 08 09 10 11 12 20 21 22 23 24
01 02 03 06 08 09 11 12 14 16 18 19 20 21
02 03 04 07 08 09 10 15 19 21 22 23 24 25
01 02 03 05 06 12 13 14 15 16 17 18 20 25
02 03 05 06 08 10 11 12 13 17 18 22 23 25
01 02 04 05 08 09 10 11 12 13 15 17 20 23
01 02 04 06 07 12 14 15 16 20 21 22 23 24

3127:
01 03 06 07 08 11 13 14 15 16 20 21 23 25
01 02 05 06 07 08 10 11 12 14 16 17 19 24
02 04 06 09 10 11 12 13 17 18 21 23 24 25
01 05 06 07 09 11 12 13 15 16 17 19 21 22
03 07 09 10 11 12 14 15 18 20 21 22 24 25
01 02 04 06 07 08 09 11 14 15 17 19 20 25
01 02 05 07 08 09 10 11 12 15 17 18 19 24


3128:
01 02 05 07 09 11 12 16 17 19 20 21 22 25
02 03 05 07 09 10 13 14 17 18 19 21 23 25
01 02 05 08 10 11 13 16 17 18 19 21 22 23
02 04 05 06 10 13 15 16 18 19 20 21 23 24
01 03 04 07 09 10 11 12 13 14 16 17 24 25
01 02 03 04 10 11 12 13 14 15 17 18 23 24
01 02 03 04 06 10 11 12 13 14 16 18 19 24

3129:
02 03 04 06 09 12 13 14 16 18 19 21 24 25
03 04 07 08 11 12 13 16 17 18 21 22 23 25
03 05 06 07 08 09 11 16 17 18 21 22 23 24
02 03 04 05 06 08 09 10 12 15 16 20 22 24
01 03 05 07 08 09 12 13 14 17 18 22 23 24
03 06 07 08 10 11 13 14 18 19 21 23 24 25
01 02 03 04 06 07 08 09 11 12 19 20 21 23


3130:
01 04 05 06 08 09 11 13 16 19 21 22 24 25
01 02 04 05 08 09 11 13 15 17 19 21 23 24
01 02 05 06 09 11 12 15 16 19 20 22 23 25
05 07 08 09 10 11 12 13 14 15 16 19 23 24
02 03 04 05 06 08 15 16 17 20 22 23 24 25
01 02 05 06 09 11 14 15 17 19 21 23 24 25
02 04 06 07 08 09 11 12 13 15 18 21 22 23


3131:
01 02 03 05 07 08 09 11 16 18 19 20 24 25
01 02 03 04 06 07 08 13 16 19 20 21 23 25
04 05 08 09 10 12 13 14 16 20 21 22 23 25
01 02 03 07 08 09 10 14 15 16 17 23 24 25
01 03 06 08 10 12 13 16 17 18 19 20 21 25
02 04 05 07 08 12 14 15 16 17 18 19 23 24
03 05 06 09 12 13 14 17 18 19 20 21 22 25


3132:
01 02 04 05 06 08 09 11 16 17 18 20 23 24
01 03 05 06 07 09 10 14 15 16 17 21 24 25
02 04 06 07 11 13 15 16 17 19 21 22 24 25
02 03 04 05 08 10 12 13 16 18 20 22 23 25
01 02 03 04 07 08 10 14 15 19 20 22 24 25
01 03 04 09 12 13 15 16 17 20 21 22 24 25
01 02 04 06 08 09 10 13 16 18 20 22 23 25

3133:
01 03 04 05 06 08 10 12 14 16 19 20 22 25
02 03 04 05 08 10 11 13 16 17 18 21 22 25
01 03 04 06 07 09 10 13 15 17 19 20 23 25
01 03 05 06 07 08 09 10 14 15 16 18 19 25
01 03 05 07 08 10 11 12 15 16 19 21 24 25
01 02 03 05 06 07 09 11 15 17 18 20 23 25
01 03 05 06 09 11 12 13 15 19 21 22 23 25

3134:
02 03 04 05 08 10 11 13 14 16 18 20 21 23
01 02 03 04 10 11 12 17 20 21 22 23 24 25
02 03 04 05 07 11 12 13 16 20 21 23 24 25
01 03 04 06 09 10 12 13 15 17 18 19 23 25
01 02 05 06 09 10 11 12 13 14 15 18 20 22
03 06 08 09 10 12 13 16 19 20 21 23 24 25
02 03 04 07 10 11 12 13 18 19 20 23 24 25

3135:
04 05 06 10 12 13 14 15 17 18 19 20 21 22
02 03 04 05 06 07 09 12 13 18 19 22 23 25
01 02 05 08 10 11 12 18 19 20 22 23 24 25
01 04 05 06 07 09 12 15 16 17 18 21 23 25
01 02 03 04 06 07 09 12 13 14 15 16 22 23
01 02 04 05 06 07 10 11 13 14 17 20 21 22
03 06 07 10 11 13 14 18 19 20 22 23 24 25

3136:
02 03 05 07 09 10 12 13 17 18 21 22 23 25
01 04 05 06 07 09 11 16 17 19 20 21 22 24
01 04 05 06 08 10 11 15 17 19 20 22 23 24
02 05 06 07 08 11 16 17 19 20 21 23 24 25
01 02 05 06 08 09 11 15 16 20 21 22 23 24
01 03 05 08 10 11 13 16 17 19 21 22 24 25
02 03 04 05 06 07 08 11 13 14 16 20 21 23

3137:
01 02 04 05 06 08 09 12 13 15 16 18 20 21
05 06 07 12 14 16 17 18 20 21 22 23 24 25
01 05 06 07 08 09 11 12 15 16 17 18 20 24
02 03 05 06 09 10 11 12 14 17 18 22 24 25
01 03 04 06 07 08 10 11 15 16 17 18 19 20
02 04 05 06 07 08 12 14 15 16 18 19 21 24
01 02 05 08 10 11 14 15 16 17 18 21 22 23

3138:
01 06 09 10 12 13 14 16 18 19 21 23 24 25
02 04 05 07 08 09 11 13 16 17 18 21 22 24
01 03 08 10 11 12 14 15 17 19 21 22 23 24
01 02 05 09 10 12 13 14 15 16 17 18 21 23
02 04 05 06 07 09 11 12 16 17 19 20 22 25
02 03 04 06 07 08 11 13 14 16 18 19 20 24
01 03 05 06 07 09 14 16 17 18 20 21 23 24

3139:
01 02 03 04 09 12 13 15 17 18 19 21 23 24
01 03 04 06 07 11 14 18 19 21 22 23 24 25
03 04 05 07 09 10 13 16 17 18 20 21 24 25
03 05 08 09 11 14 16 17 19 20 21 22 24 25
02 03 05 08 09 13 15 16 17 18 19 20 22 24
01 04 06 07 08 09 10 13 16 17 18 21 22 25
01 02 03 04 08 09 11 12 14 17 18 19 22 25

3140:
01 02 03 06 07 08 11 12 13 16 18 21 22 25
01 02 04 07 08 11 12 13 14 15 18 23 24 25
01 02 03 05 06 07 08 10 14 15 16 17 21 24
01 02 03 06 07 10 11 12 15 18 19 21 24 25
01 03 04 05 12 13 14 15 16 19 20 21 23 25
01 02 04 05 06 07 09 12 14 17 18 21 22 23
02 04 07 09 10 11 14 15 17 18 19 22 23 25

3141:
02 04 06 08 09 10 13 14 15 16 17 22 23 24
01 02 04 05 08 09 10 12 13 16 17 18 24 25
01 02 04 05 06 08 09 10 12 14 15 20 21 22
01 05 09 11 13 14 16 17 18 19 20 21 22 25
01 02 05 07 09 10 11 12 13 18 19 23 24 25
01 03 04 05 08 09 10 12 14 18 19 20 24 25
01 02 07 09 11 12 14 16 17 19 22 23 24 25

3142:
01 02 06 07 10 12 14 16 17 19 20 21 22 24
02 03 06 08 09 12 13 15 16 18 20 23 24 25
01 02 03 04 06 07 09 10 11 13 15 16 18 25
01 02 05 06 07 09 10 11 14 15 16 18 20 21
01 04 05 06 08 09 10 14 16 18 19 20 21 23
02 03 04 05 06 07 08 09 11 14 15 18 20 21
02 03 04 05 07 08 11 12 13 14 15 17 21 25

3143:
01 02 04 06 07 08 11 13 14 16 17 21 23 24
02 07 08 10 11 12 14 15 16 18 19 20 22 24
01 02 03 04 05 06 10 11 12 13 14 16 18 21
01 03 05 06 08 10 11 14 16 17 18 19 21 22
03 05 07 08 09 10 11 12 13 15 21 22 23 25
01 02 05 06 08 11 12 13 14 15 18 20 23 24
02 06 07 08 09 10 12 13 15 16 18 19 22 25

3144:
01 02 03 09 11 13 14 17 19 20 21 22 24 25
01 04 06 08 11 14 16 17 18 21 22 23 24 25
02 03 04 05 09 10 11 13 15 16 17 19 21 24
04 07 12 13 14 15 17 19 20 21 22 23 24 25
01 02 04 05 06 08 10 11 12 20 21 22 23 25
01 04 05 06 07 08 12 14 16 17 19 20 21 24
01 02 04 06 10 11 15 16 17 21 22 23 24 25


3145:
01 07 08 09 12 13 15 16 17 19 21 22 23 25
01 05 07 08 09 10 11 12 14 17 18 19 20 24
03 04 07 09 10 11 12 13 14 15 16 17 19 22
01 03 06 07 10 11 13 14 16 20 21 22 23 25
01 02 04 05 06 07 09 12 15 16 17 18 21 23
01 02 04 09 11 12 13 14 16 18 20 21 24 25
01 03 04 06 07 08 09 10 11 12 16 18 20 21
