================================================================================
50 UNIQUE PREDICTIONS FOR SERIES 3132
Generated by: TrueLearningModel (Phase 1)
Training Data: 61 series (3071-3131)
Date: 2025-10-05
================================================================================

 1. 01 02 03 04 09 11 17 18 19 20 21 23 24 25
 2. 01 02 03 04 09 12 13 18 19 20 21 22 23 25
 3. 01 02 03 05 08 13 14 18 19 20 21 22 23 24
 4. 01 02 03 06 10 12 13 18 19 20 21 22 23 24
 5. 01 02 04 08 10 11 13 15 19 20 22 23 24 25
 6. 01 02 05 06 09 11 12 13 16 20 21 23 24 25
 7. 01 02 05 06 10 12 17 18 19 20 21 22 23 25
 8. 01 02 05 08 09 12 14 16 18 20 21 22 23 25
 9. 01 02 05 08 10 12 13 16 18 20 21 23 24 25
10. 01 02 06 08 10 11 16 17 18 20 21 22 24 25
11. 01 02 06 09 10 11 13 14 18 20 21 23 24 25
12. 01 03 04 05 06 09 10 11 12 18 20 22 24 25
13. 01 03 05 06 09 12 13 15 16 20 22 23 24 25
14. 01 03 05 08 10 11 12 15 19 20 22 23 24 25
15. 01 03 05 09 10 11 17 18 19 20 21 22 23 25
16. 01 03 06 07 08 11 13 17 19 20 21 22 23 24
17. 01 03 06 08 09 12 17 18 19 20 22 23 24 25
18. 01 03 06 08 10 11 15 16 18 20 21 23 24 25
19. 01 03 06 09 10 11 12 13 19 20 22 23 24 25
20. 01 03 07 08 09 11 13 14 19 20 22 23 24 25
21. 01 04 05 08 10 12 13 14 18 20 21 23 24 25
22. 01 04 05 09 10 11 13 14 16 20 21 22 24 25
23. 01 04 05 09 10 13 14 16 19 20 21 23 24 25
24. 01 04 08 09 10 11 12 17 18 20 21 22 23 24
25. 01 04 08 09 10 12 16 17 18 20 21 22 23 24
26. 01 05 07 09 10 11 12 13 18 20 22 23 24 25
27. 01 06 07 09 10 11 12 14 19 20 21 22 23 24
28. 02 03 04 08 10 13 16 17 18 20 22 23 24 25
29. 02 03 07 09 10 12 13 16 17 20 22 23 24 25
30. 02 04 05 06 09 11 12 13 19 20 21 23 24 25
31. 02 04 05 06 09 13 15 16 19 20 22 23 24 25
32. 02 04 05 08 10 12 16 18 19 20 22 23 24 25
33. 02 04 06 09 10 11 13 18 19 20 21 22 23 25
34. 02 04 08 09 10 12 13 16 19 20 21 22 23 24
35. 02 05 06 08 10 12 13 16 19 20 21 23 24 25
36. 03 04 05 09 10 11 16 17 18 20 21 22 23 25
37. 03 04 06 07 09 12 13 16 19 20 21 23 24 25
38. 03 04 06 08 09 12 16 17 18 20 22 23 24 25
39. 03 04 08 09 10 12 13 15 17 20 21 22 23 24
40. 03 05 06 08 10 11 17 18 19 20 22 23 24 25
41. 03 05 06 09 10 12 16 17 19 20 21 22 23 24
42. 03 05 08 09 10 11 12 13 16 20 21 22 23 24
43. 03 05 08 09 10 12 13 16 18 20 22 23 24 25
44. 04 05 06 07 10 12 13 17 19 20 21 22 23 24
45. 04 05 06 08 10 12 15 18 19 20 22 23 24 25
46. 04 05 06 08 10 12 17 18 19 20 21 22 24 25
47. 04 05 06 09 10 11 12 17 19 20 22 23 24 25
48. 04 05 06 09 10 12 14 18 19 20 21 23 24 25
49. 04 06 08 09 10 12 13 18 19 20 22 23 24 25
50. 05 06 07 08 09 12 13 14 19 20 21 23 24 25

================================================================================
COMMON PATTERNS OBSERVED:
- Numbers 20, 23, 24, 25 appear in almost ALL predictions
- Numbers 09, 10, 12 appear in most predictions
- High concentration in ranges 01-10 and 20-25
- All predictions are unique combinations
================================================================================
