================================================================================
JACKPOT HUNTER: Finding Perfect 14/14 Matches
================================================================================

Testing series 3141-3148
Strategy: Try different random seeds until hitting 14/14 match

Series 3141:
  Hunting jackpot............................................................................................................................................................ JACKPOT! (Attempts: 1,568,428, Seed: 1568428)
  Prediction: 01 02 05 06 07 11 12 15 16 18 19 20 21 23

Series 3142:
  Hunting jackpot.......................................................................................... JACKPOT! (Attempts: 903,141, Seed: 903141)
  Prediction: 01 02 05 06 07 08 09 11 13 17 18 19 20 24

Series 3143:
  Hunting jackpot.................................... JACKPOT! (Attempts: 369,587, Seed: 369587)
  Prediction: 01 03 04 05 06 08 12 13 15 16 17 18 19 21

Series 3144:
  Hunting jackpot.......................................................................................................... JACKPOT! (Attempts: 1,068,584, Seed: 1068584)
  Prediction: 02 03 04 05 09 10 11 13 15 16 17 19 21 24

Series 3145:
  Hunting jackpot.......................... JACKPOT! (Attempts: 268,447, Seed: 268447)
  Prediction: 01 03 04 06 07 08 09 10 11 12 16 18 20 21

Series 3146:
  Hunting jackpot............................... JACKPOT! (Attempts: 311,078, Seed: 311078)
  Prediction: 03 04 06 07 08 09 10 12 13 14 15 19 20 21

Series 3147:
  Hunting jackpot.............................................................. JACKPOT! (Attempts: 623,425, Seed: 623425)
  Prediction: 01 02 04 06 07 09 11 13 16 17 18 20 21 23

Series 3148:
  Hunting jackpot........................................................................................................................................ JACKPOT! (Attempts: 1,364,734, Seed: 1364734)
  Prediction: 01 02 03 04 05 07 08 10 15 16 19 22 23 25

================================================================================
JACKPOT SUMMARY REPORT
================================================================================

Series     Attempts        Seed         Prediction
--------------------------------------------------------------------------------
3141       1,568,428       1568428      01 02 05 06 07 11 12 15 16 18 19 20 21 23
3142       903,141         903141       01 02 05 06 07 08 09 11 13 17 18 19 20 24
3143       369,587         369587       01 03 04 05 06 08 12 13 15 16 17 18 19 21
3144       1,068,584       1068584      02 03 04 05 09 10 11 13 15 16 17 19 21 24
3145       268,447         268447       01 03 04 06 07 08 09 10 11 12 16 18 20 21
3146       311,078         311078       03 04 06 07 08 09 10 12 13 14 15 19 20 21
3147       623,425         623425       01 02 04 06 07 09 11 13 16 17 18 20 21 23
3148       1,364,734       1364734      01 02 03 04 05 07 08 10 15 16 19 22 23 25

Total attempts across all series: 6,477,424
Average attempts per series: 809,678.0
Min attempts: 268,447
Max attempts: 1,568,428

Theoretical probability of jackpot: 1 in 4,457,400
Expected attempts per jackpot: 636,771 (with 7 events)

